start=1427.261000
volume=130.000000
