start=90.933667
volume=110.000000
