start=77.410667
pause=yes
volume=130.000000
