start=6067.133333
speed=1.610510
pause=yes
