start=1369.243000
volume=130.000000
aid=1
sid=1
video-aspect-override=1.777778
