start=122.289000
pause=yes
volume=88.000000
aid=1
