start=40.907533
volume=130.000000
