start=117.201000
ab-loop-a=624.291000
