start=1.001000
pause=yes
volume=130.000000
saturation=-2
