start=1407.406000
volume=130.000000
aid=1
sid=1
