start=392.267000
pause=yes
volume=92.000000
