start=141.141000
aid=1
sid=1
ab-loop-a=2.044000
