start=8.550000
aid=1
sid=no
ab-loop-a=1173.798000
