start=52.845000
pause=yes
ab-loop-a=12.054000
