start=2556.700333
speed=1.610510
pause=yes
