start=1428.053000
volume=130.000000
