start=79.621288
pause=yes
volume=76.000000
