start=182.891042
audio-delay=-0.600000
