start=110.243467
volume=130.000000
