start=1423.172000
volume=130.000000
