start=2530.027000
volume=108.000000
sid=no
