start=134.759000
volume=130.000000
