start=133.675000
volume=130.000000
