start=111.986875
pause=yes
volume=130.000000
