start=161.161000
volume=130.000000
sid=1
