start=299.433333
volume=104.000000
