start=1356.605000
volume=92.000000
