start=5.672000
pause=yes
volume=92.000000
