start=6333.633667
speed=2.000000
pause=yes
