start=1360.943000
volume=130.000000
sid=no
