start=655.071000
pause=yes
volume=92.000000
