start=3.795000
volume=130.000000
