start=1324.573000
pause=yes
volume=130.000000
