start=70.937533
volume=130.000000
