start=179.413000
audio-delay=-0.000000
