start=283.067000
speed=1.610510
