start=8.466792
volume=130.000000
brightness=1
saturation=-2
deinterlace=yes
sub-delay=0.100000
