start=123.269000
pause=yes
volume=94.000000
brightness=1
deinterlace=yes
sub-scale=0.800000
