start=548.882000
ab-loop-a=548.548000
