start=143.727000
volume=98.000000
