start=2478.059000
volume=130.000000
