start=87.759000
volume=130.000000
sid=2
