start=5512.048208
volume=128.000000
sid=no
