start=76.867000
speed=1.610510
pause=yes
