start=1427.177000
volume=130.000000
