start=623.916667
pause=yes
volume=130.000000
