start=1309.350000
audio-delay=-0.000001
sid=1
