start=6.340000
pause=yes
volume=116.000000
saturation=-2
