start=6827.111958
volume=130.000000
